   3.06402850    
   1.41568720    
   9.63277891E-02
   1.17261116E-05
   3.32446599    
   1.04557705    
   1.66832876    
   4.56514433E-02
   3.23218274    
   1.49079168    
  0.100289486    
   1.15416506E-05
   3.63401699    
   1.17513609    
   1.81002593    
   5.64742461E-02
   2.71319914    
   1.18765867    
   8.75566676E-02
   1.24746821E-05
   2.79638958    
  0.702654302    
   1.57682312    
   1.61245801E-02
   3.57743835    
   1.76577342    
  0.124655411    
   1.33831109E-05
   3.88268781    
   1.65293133    
   1.69539988    
  0.173642233    
   3.42398620    
   1.60400391    
   8.83260444E-02
   2.47142998E-06
   3.83867240    
   1.37139750    
   1.81588423    
  0.102548011    
   3.22900248    
   1.53063297    
  0.109865747    
   1.33671510E-05
   3.51841092    
   1.23427820    
   1.68136489    
   7.56936222E-02
   3.48453712    
   1.69933486    
  0.120049357    
   1.37252136E-05
   3.76927257    
   1.52926171    
   1.71024311    
  0.159491107    
