           1           1           1  0.655063033    
           1           1           1  0.584340096    
           1           1           1  0.124550730    
           1           1           1   4.94290216E-05
           1           1           1   1.14804232    
           1           1           1  0.745206654    
           1           1           1  0.297692001    
           1           1           1   7.27846846E-02
           1           1           2 -0.106399797    
           1           1           2  -3.64462696E-02
           1           1           2   2.75316499E-02
           1           1           2   6.09823328E-05
           1           1           2 -0.245622814    
           1           1           2  -8.30744430E-02
           1           1           2 -0.120413356    
           1           1           2  -7.09684379E-03
           1           1           3  0.839797080    
           1           1           3  0.765942454    
           1           1           3  0.148307040    
           1           1           3   6.38321362E-05
           1           1           3   1.46157455    
           1           1           3  0.981842279    
           1           1           3  0.338585526    
           1           1           3   9.96420011E-02
           1           2           1   2.35738773E-02
           1           2           1   2.50851326E-02
           1           2           1   3.57329939E-03
           1           2           1   9.85391182E-08
           1           2           1  0.538496792    
           1           2           1  -2.40848158E-02
           1           2           1  0.440668106    
           1           2           1  -1.61902998E-02
           1           2           2   2.39286423E-02
           1           2           2   2.54626404E-02
           1           2           2   3.62707418E-03
           1           2           2   1.00022042E-07
           1           2           2   7.28074536E-02
           1           2           2   2.57114135E-02
           1           2           2   1.07863881E-02
           1           2           2  -6.33121294E-04
           1           2           3 -0.237101316    
           1           2           3 -0.252301216    
           1           2           3  -3.59395258E-02
           1           2           3  -9.91086608E-07
           1           2           3 -0.667795479    
           1           2           3 -0.275671184    
           1           2           3 -0.272729397    
           1           2           3  -1.51900984E-02
           1           3           1 -0.137727708    
           1           3           1  -3.61079425E-02
           1           3           1  -3.61397615E-05
           1           3           1  -1.31618928E-17
           1           3           1 -0.479692638    
           1           3           1  -7.41532743E-02
           1           3           1 -0.333819389    
           1           3           1  -1.13317824E-03
           1           3           2   7.51236975E-02
           1           3           2   1.96951106E-02
           1           3           2   1.97124664E-05
           1           3           2   7.17916588E-18
           1           3           2  0.297211647    
           1           3           2   4.28152680E-02
           1           3           2  0.204098493    
           1           3           2   5.85456728E-05
           1           3           3 -0.107707366    
           1           3           3  -2.82375421E-02
           1           3           3  -2.82624242E-05
           1           3           3  -1.02930112E-17
           1           3           3 -0.324613661    
           1           3           3  -5.64597435E-02
           1           3           3 -0.222272173    
           1           3           3  -1.39502413E-03
           1           4           1  -8.89164880E-02
           1           4           1 -0.106828876    
           1           4           1  -2.35528108E-02
           1           4           1  -3.24901816E-06
           1           4           1   9.17113200E-03
           1           4           1 -0.141559452    
           1           4           1  0.117346972    
           1           4           1  -2.14397851E-02
           1           4           2  0.168073013    
           1           4           2  0.201931626    
           1           4           2   4.45203371E-02
           1           4           2   6.14140617E-06
           1           4           2  0.847786307    
           1           4           2  0.150826901    
           1           4           2  0.530827999    
           1           4           2  -6.40502851E-03
           1           4           3 -0.137216449    
           1           4           3 -0.164858937    
           1           4           3  -3.63468342E-02
           1           4           3  -5.01390377E-06
           1           4           3 -0.100408696    
           1           4           3 -0.204183176    
           1           4           3   9.45539400E-02
           1           4           3  -2.76661739E-02
           1           5           1 -0.232028037    
           1           5           1 -0.275239706    
           1           5           1  -5.79595864E-02
           1           5           1  -6.75019146E-06
           1           5           1 -0.750783682    
           1           5           1 -0.263831586    
           1           5           1 -0.339771420    
           1           5           1  -9.84925684E-03
           1           5           2   1.15938568E-02
           1           5           2   1.37530342E-02
           1           5           2   2.89609446E-03
           1           5           2   3.37290061E-07
           1           5           2   7.11105950E-03
           1           5           2   1.14236958E-02
           1           5           2  -2.30018720E-02
           1           5           2   4.01868077E-04
           1           5           3  -3.63234878E-02
           1           5           3  -4.30881828E-02
           1           5           3  -9.07344837E-03
           1           5           3  -1.05672791E-06
           1           5           3  0.423993349    
           1           5           3 -0.110164791    
           1           5           3  0.415283829    
           1           5           3  -2.29599178E-02
           1           6           1  -9.20173228E-02
           1           6           1 -0.126858860    
           1           6           1  -4.59402688E-02
           1           6           1  -3.95283532E-05
           1           6           1   3.91828939E-02
           1           6           1 -0.155633643    
           1           6           1  0.139631480    
           1           6           1  -2.36884411E-02
           1           6           2 -0.157274127    
           1           6           2 -0.216824561    
           1           6           2  -7.85201713E-02
           1           6           2  -6.75610499E-05
           1           6           2 -0.859818995    
           1           6           2 -0.139523789    
           1           6           2 -0.515273869    
           1           6           2   1.33288875E-02
           1           6           3 -0.132154807    
           1           6           3 -0.182194039    
           1           6           3  -6.59791827E-02
           1           6           3  -5.67704192E-05
           1           6           3  -8.24586302E-03
           1           6           3 -0.209727407    
           1           6           3  0.149455383    
           1           6           3  -3.21040079E-02
           1           7           1 -0.127947316    
           1           7           1  -6.43898025E-02
           1           7           1  -6.35221077E-04
           1           7           1  -9.65749616E-13
           1           7           1 -0.504416883    
           1           7           1  -8.59439522E-02
           1           7           1 -0.321747839    
           1           7           1  -4.83727956E-04
           1           7           2  -1.50452945E-02
           1           7           2  -7.57158222E-03
           1           7           2  -7.46954975E-05
           1           7           2  -1.13562270E-13
           1           7           2 -0.119474560    
           1           7           2  -8.17900524E-03
           1           7           2  -8.70238021E-02
           1           7           2   3.45691165E-04
           1           7           3 -0.189293638    
           1           7           3  -9.52624977E-02
           1           7           3  -9.39787657E-04
           1           7           3  -1.42879317E-12
           1           7           3 -0.784504175    
           1           7           3 -0.125635996    
           1           7           3 -0.502877116    
           1           7           3  -3.26770096E-04
           2           2           1  0.863300204    
           2           2           1  0.799830437    
           2           2           1  0.167714730    
           2           2           1   7.23468838E-05
           2           2           1   1.52548194    
           2           2           1   1.07320154    
           2           2           1  0.340546817    
           2           2           1  0.116713323    
           2           2           2   1.34611055E-02
           2           2           2   4.05999422E-02
           2           2           2  -1.29091199E-02
           2           2           2  -4.19876160E-05
           2           2           2  -1.77953690E-02
           2           2           2   5.93622550E-02
           2           2           2  -6.80189356E-02
           2           2           2   9.94442962E-03
           2           2           3 -0.607402980    
           2           2           3 -0.597705364    
           2           2           3 -0.106808521    
           2           2           3  -3.90121495E-05
           2           2           3  -1.02513480    
           2           2           3 -0.804266870    
           2           2           3 -0.154593676    
           2           2           3  -9.17428136E-02
           2           1           1  -2.35738773E-02
           2           1           1  -2.50851326E-02
           2           1           1  -3.57329939E-03
           2           1           1  -9.85391182E-08
           2           1           1  0.392453015    
           2           1           1  -6.55303821E-02
           2           1           1  0.354182065    
           2           1           1  -2.43319720E-02
           2           1           2  -2.39286423E-02
           2           1           2  -2.54626404E-02
           2           1           2  -3.62707418E-03
           2           1           2  -1.00022042E-07
           2           1           2  -7.68499374E-02
           2           1           2  -3.47036459E-02
           2           1           2  -8.08826089E-03
           2           1           2  -2.86038266E-03
           2           1           3  0.237101316    
           2           1           3  0.252301216    
           2           1           3   3.59395258E-02
           2           1           3   9.91086608E-07
           2           1           3  0.769396007    
           2           1           3  0.300069988    
           2           1           3  0.347552687    
           2           1           3   1.89862195E-02
           2           3           1 -0.209623128    
           2           3           1 -0.103411704    
           2           3           1  -9.50774527E-04
           2           3           1  -1.11700948E-12
           2           3           1 -0.682237148    
           2           3           1 -0.169297412    
           2           3           1 -0.408320218    
           2           3           1  -8.25253315E-03
           2           3           2   8.85972232E-02
           2           3           2   4.37069610E-02
           2           3           2   4.01844911E-04
           2           3           2   4.72104072E-13
           2           3           2  0.392586380    
           2           3           2   7.34313205E-02
           2           3           2  0.260286003    
           2           3           2   1.32981047E-03
           2           3           3   1.48812579E-02
           2           3           3   7.34125171E-03
           2           3           3   6.74959883E-05
           2           3           3   7.92970968E-14
           2           3           3  -9.63586420E-02
           2           3           3   8.96668248E-03
           2           3           3  -9.27807614E-02
           2           3           3   3.34468787E-03
           2           4           1 -0.119916700    
           2           4           1 -0.163209930    
           2           4           1  -5.64223006E-02
           2           4           1  -4.09014683E-05
           2           4           1   5.46614118E-02
           2           4           1 -0.220859468    
           2           4           1  0.214746743    
           2           4           1  -3.24934050E-02
           2           4           2  0.150596604    
           2           4           2  0.204966143    
           2           4           2   7.08575845E-02
           2           4           2   5.13658451E-05
           2           4           2  0.880603433    
           2           4           2  0.135646537    
           2           4           2  0.534540474    
           2           4           2  -1.44019276E-02
           2           4           3  0.118713006    
           2           4           3  0.161571681    
           2           4           3   5.58559485E-02
           2           4           3   4.04909115E-05
           2           4           3  0.162062705    
           2           4           3  0.180026233    
           2           4           3   1.16011500E-03
           2           4           3   2.08956283E-02
           2           5           1 -0.178383857    
           2           5           1  -9.53754634E-02
           2           5           1  -1.16571947E-03
           2           5           1  -3.88275089E-12
           2           5           1 -0.749406815    
           2           5           1 -0.134138510    
           2           5           1 -0.460552782    
           2           5           1  -5.89101051E-04
           2           5           2  -9.36796609E-03
           2           5           2  -5.00871614E-03
           2           5           2  -6.12186632E-05
           2           5           2  -2.03905672E-13
           2           5           2  -4.85025384E-02
           2           5           2  -5.50035341E-03
           2           5           2  -3.71033251E-02
           2           5           2  -7.16706563E-05
           2           5           3  0.147406995    
           2           5           3   7.88132474E-02
           2           5           3   9.63289000E-04
           2           5           3   3.20850031E-12
           2           5           3  0.652724028    
           2           5           3  0.109318361    
           2           5           3  0.407106131    
           2           5           3   2.06764526E-04
           2           6           1 -0.109489195    
           2           6           1 -0.125650421    
           2           6           1  -2.34860964E-02
           2           6           1  -1.76264541E-06
           2           6           1  -1.05962753E-02
           2           6           1 -0.169615448    
           2           6           1  0.111360028    
           2           6           1  -2.49428619E-02
           2           6           2 -0.170230165    
           2           6           2 -0.195357099    
           2           6           2  -3.65154035E-02
           2           6           2  -2.74050262E-06
           2           6           2 -0.864047647    
           2           6           2 -0.184263051    
           2           6           2 -0.503595829    
           2           6           2   4.33748029E-03
           2           6           3  0.122704670    
           2           6           3  0.140816569    
           2           6           3   2.63208970E-02
           2           6           3   1.97539885E-06
           2           6           3  0.199925035    
           2           6           3  0.179527819    
           2           6           3  -8.82110000E-03
           2           6           3   1.97132584E-02
           2           7           1 -0.222313374    
           2           7           1 -0.287097782    
           2           7           1  -8.21165442E-02
           2           7           1  -2.95842237E-05
           2           7           1 -0.530356109    
           2           7           1 -0.313760340    
           2           7           1 -0.151962578    
           2           7           1  -2.61034593E-02
           2           7           2  -4.91281524E-02
           2           7           2  -6.34445995E-02
           2           7           2  -1.81466099E-02
           2           7           2  -6.53770076E-06
           2           7           2 -0.265994370    
           2           7           2  -4.39730808E-02
           2           7           2 -0.178020239    
           2           7           2   1.72225968E-03
           2           7           3  -3.34042646E-02
           2           7           3  -4.31386083E-02
           2           7           3  -1.23386309E-02
           2           7           3  -4.44525358E-06
           2           7           3 -0.662614346    
           2           7           3   2.63577625E-02
           2           7           3 -0.499623418    
           2           7           3   2.85962615E-02
           3           3           1 -0.826804399    
           3           3           1 -0.653524399    
           3           3           1 -0.142679200    
           3           3           1  -7.27603037E-05
           3           3           1  -1.52484369    
           3           3           1 -0.677475274    
           3           3           1 -0.607486129    
           3           3           1  -3.63316834E-02
           3           3           2  0.651017487    
           3           3           2  0.520836949    
           3           3           2  0.112921968    
           3           3           2   6.86281419E-05
           3           3           2   1.17819190    
           3           3           2  0.544307351    
           3           3           2  0.453958839    
           3           3           2   2.83578038E-02
           3           3           3 -0.367223173    
           3           3           3 -0.283927798    
           3           3           3  -4.10686359E-02
           3           3           3   4.32039087E-06
           3           3           3 -0.656568229    
           3           3           3 -0.314213097    
           3           3           3 -0.235626146    
           3           3           3  -1.38739310E-02
           3           1           1  0.137727708    
           3           1           1   3.61079425E-02
           3           1           1   3.61397615E-05
           3           1           1   1.31618928E-17
           3           1           1  0.454914749    
           3           1           1   5.80887124E-02
           3           1           1  0.327246249    
           3           1           1   3.88704619E-04
           3           1           2  -7.51236975E-02
           3           1           2  -1.96951106E-02
           3           1           2  -1.97124664E-05
           3           1           2  -7.17916588E-18
           3           1           2 -0.214492783    
           3           1           2  -3.15874591E-02
           3           1           2 -0.153084204    
           3           1           2  -4.67139791E-04
           3           1           3  0.107707366    
           3           1           3   2.82375421E-02
           3           1           3   2.82624242E-05
           3           1           3   1.02930112E-17
           3           1           3  0.405774534    
           3           1           3   4.34760824E-02
           3           1           3  0.301944792    
           3           1           3   2.37852018E-05
           3           2           1  0.209623128    
           3           2           1  0.103411704    
           3           2           1   9.50774527E-04
           3           2           1   1.11700948E-12
           3           2           1  0.727290332    
           3           2           1  0.115849063    
           3           2           1  0.484849691    
           3           2           1   1.17558031E-03
           3           2           2  -8.85972232E-02
           3           2           2  -4.37069610E-02
           3           2           2  -4.01844911E-04
           3           2           2  -4.72104072E-13
           3           2           2 -0.202571943    
           3           2           2  -5.76776341E-02
           3           2           2 -0.100334369    
           3           2           2  -1.34961051E-03
           3           2           3  -1.48812579E-02
           3           2           3  -7.34125171E-03
           3           2           3  -6.74959883E-05
           3           2           3  -7.92970968E-14
           3           2           3 -0.194573149    
           3           2           3   2.14476883E-03
           3           2           3 -0.176360607    
           3           2           3   1.18028186E-03
           3           4           1  0.209179103    
           3           4           1  0.273224354    
           3           4           1   8.14202726E-02
           3           4           1   3.41249397E-05
           3           4           1  0.453297406    
           3           4           1  0.181064948    
           3           4           1  0.182002544    
           3           4           1   7.76808523E-03
           3           4           2   9.79151204E-03
           3           4           2   1.27894208E-02
           3           4           2   3.81122017E-03
           3           4           2   1.59736214E-06
           3           4           2  0.593036950    
           3           4           2  -9.23881829E-02
           3           4           2  0.548443794    
           3           4           2  -1.76646300E-02
           3           4           3   9.34612453E-02
           3           4           3  0.122076675    
           3           4           3   3.63785885E-02
           3           4           3   1.52470275E-05
           3           4           3  0.203271344    
           3           4           3   8.24945718E-02
           3           4           3   7.84522370E-02
           3           4           3  -3.33712436E-04
           3           5           1   5.53579107E-02
           3           5           1   6.08491562E-02
           3           5           1   9.74001829E-03
           3           5           1   4.12788296E-07
           3           5           1 -0.296548903    
           3           5           1  0.113502741    
           3           5           1 -0.352369577    
           3           5           1   9.51790716E-03
           3           5           2 -0.141453728    
           3           5           2 -0.155485287    
           3           5           2  -2.48882584E-02
           3           5           2  -1.05478045E-06
           3           5           2 -0.265942961    
           3           5           2 -0.133890480    
           3           5           2  -7.97813237E-02
           3           5           2  -5.74764935E-03
           3           5           3  0.183741286    
           3           5           3  0.201967567    
           3           5           3   3.23285945E-02
           3           5           3   1.37010682E-06
           3           5           3  0.670082152    
           3           5           3  0.130601257    
           3           5           3  0.386056215    
           3           5           3  -1.67690613E-03
           3           6           1  0.109304570    
           3           6           1   3.57145593E-02
           3           6           1   7.70925180E-05
           3           6           1   4.57727976E-16
           3           6           1  0.320160389    
           3           6           1   5.31641133E-02
           3           6           1  0.212792784    
           3           6           1   5.74050471E-04
           3           6           2 -0.164510176    
           3           6           2  -5.37526347E-02
           3           6           2  -1.16029034E-04
           3           6           2  -6.88909101E-16
           3           6           2 -0.620997190    
           3           6           2  -7.25263134E-02
           3           6           2 -0.449171543    
           3           6           2  -9.08672955E-05
           3           6           3   5.50465919E-02
           3           6           3   1.79861169E-02
           3           6           3   3.88243643E-05
           3           6           3   2.30515199E-16
           3           6           3  0.176463991    
           3           6           3   2.40445919E-02
           3           6           3  0.128799915    
           3           6           3   2.66938267E-04
           3           7           1  0.105611987    
           3           7           1  0.144216686    
           3           7           1   5.04549034E-02
           3           7           1   3.82225771E-05
           3           7           1 -0.134270161    
           3           7           1  0.155805632    
           3           7           1 -0.247035637    
           3           7           1   1.69073567E-02
           3           7           2 -0.191124141    
           3           7           2 -0.260986388    
           3           7           2  -9.13073421E-02
           3           7           2  -6.91707246E-05
           3           7           2 -0.467223912    
           3           7           2 -0.156237289    
           3           7           2 -0.220031217    
           3           7           2  -3.03790788E-03
           3           7           3  -5.78520298E-02
           3           7           3  -7.89988711E-02
           3           7           3  -2.76381355E-02
           3           7           3  -2.09375248E-05
           3           7           3 -0.604450643    
           3           7           3   3.14518362E-02
           3           7           3 -0.483266383    
           3           7           3   1.44135440E-02
           4           4           1  0.237055451    
           4           4           1  0.268892765    
           4           4           1   4.94659618E-02
           4           4           1  -5.19965943E-06
           4           4           1  0.284248233    
           4           4           1  0.428913951    
           4           4           1  -4.99311611E-02
           4           4           1  0.122945830    
           4           4           2  0.898368359    
           4           4           2  0.934008241    
           4           4           2  0.183305278    
           4           4           2   6.44465326E-05
           4           4           2   1.40423560    
           4           4           2   1.52436864    
           4           4           2   4.37860265E-02
           4           4           2  0.314399511    
           4           4           3   9.94165689E-02
           4           4           3  0.128012985    
           4           4           3   4.56519276E-02
           4           4           3   4.76643763E-05
           4           4           3  0.102775484    
           4           4           3  0.197007954    
           4           4           3  -7.95887038E-03
           4           4           3   6.82667568E-02
           4           1           1   8.89164880E-02
           4           1           1  0.106828876    
           4           1           1   2.35528108E-02
           4           1           1   3.24901816E-06
           4           1           1  0.508782864    
           4           1           1  0.166062996    
           4           1           1  0.297202468    
           4           1           1   9.67550278E-03
           4           1           2 -0.168073013    
           4           1           2 -0.201931626    
           4           1           2  -4.45203371E-02
           4           1           2  -6.14140617E-06
           4           1           2 -0.132255584    
           4           1           2 -0.343603194    
           4           1           2  0.110831678    
           4           1           2  -9.16325897E-02
           4           1           3  0.137216449    
           4           1           3  0.164858937    
           4           1           3   3.63468342E-02
           4           1           3   5.01390377E-06
           4           1           3  0.691206753    
           4           1           3  0.229230747    
           4           1           3  0.368564695    
           4           1           3   3.55825126E-02
           4           2           1  0.119916700    
           4           2           1  0.163209930    
           4           2           1   5.64223006E-02
           4           2           1   4.09014683E-05
           4           2           1  0.734207749    
           4           2           1  0.217819378    
           4           2           1  0.390134990    
           4           2           1  -1.50541645E-02
           4           2           2 -0.150596604    
           4           2           2 -0.204966143    
           4           2           2  -7.08575845E-02
           4           2           2  -5.13658451E-05
           4           2           2  -8.22653994E-04
           4           2           2 -0.355193019    
           4           2           2  0.201589689    
           4           2           2  -8.20956305E-02
           4           2           3 -0.118713006    
           4           2           3 -0.161571681    
           4           2           3  -5.58559485E-02
           4           2           3  -4.04909115E-05
           4           2           3 -0.536220968    
           4           2           3 -0.200190753    
           4           2           3 -0.271624267    
           4           2           3  -3.71089131E-02
           4           3           1 -0.209179103    
           4           3           1 -0.273224354    
           4           3           1  -8.14202726E-02
           4           3           1  -3.41249397E-05
           4           3           1 -0.550181270    
           4           3           1 -0.460993052    
           4           3           1 -0.175156951    
           4           3           1 -0.104463257    
           4           3           2  -9.79151204E-03
           4           3           2  -1.27894208E-02
           4           3           2  -3.81122017E-03
           4           3           2  -1.59736214E-06
           4           3           2  0.510330200    
           4           3           2  -3.21337879E-02
           4           3           2  0.364819229    
           4           3           2  -6.73714057E-02
           4           3           3  -9.34612453E-02
           4           3           3 -0.122076675    
           4           3           3  -3.63785885E-02
           4           3           3  -1.52470275E-05
           4           3           3 -0.248043194    
           4           3           3 -0.201625809    
           4           3           3  -8.35184902E-02
           4           3           3  -6.00265712E-02
           4           5           1 -0.143976897    
           4           5           1 -0.171856508    
           4           5           1  -3.70095819E-02
           4           5           1  -4.68159305E-06
           4           5           1 -0.641019583    
           4           5           1 -0.230085209    
           4           5           1 -0.310429305    
           4           5           1  -7.38878176E-03
           4           5           2 -0.155980706    
           4           5           2 -0.186184719    
           4           5           2  -4.00951840E-02
           4           5           2  -5.07191180E-06
           4           5           2 -0.230734572    
           4           5           2 -0.292419195    
           4           5           2   5.47694862E-02
           4           5           2  -4.29071374E-02
           4           5           3  0.100414485    
           4           5           3  0.119858690    
           4           5           3   2.58117653E-02
           4           5           3   3.26510531E-06
           4           5           3  0.663908780    
           4           5           3  0.132349432    
           4           5           3  0.366718858    
           4           5           3  -6.91419002E-03
           4           6           1   1.57260115E-03
           4           6           1   9.97878495E-04
           4           6           1   2.23937441E-05
           4           6           1   6.91574998E-13
           4           6           1   6.66429996E-02
           4           6           1   1.55850658E-02
           4           6           1   2.53476501E-02
           4           6           1  -4.35983483E-03
           4           6           2 -0.237526760    
           4           6           2 -0.150720239    
           4           6           2  -3.38236662E-03
           4           6           2  -1.04455958E-10
           4           6           2  -1.01672208    
           4           6           2 -0.252393901    
           4           6           2 -0.577072918    
           4           6           2  -1.05852829E-02
           4           6           3   9.40015726E-03
           4           6           3   5.96477650E-03
           4           6           3   1.33857669E-04
           4           6           3   4.13386035E-12
           4           6           3   7.84046948E-02
           4           6           3   1.54318837E-02
           4           6           3   3.56282964E-02
           4           6           3  -1.87848858E-03
           4           7           1  -9.43052396E-02
           4           7           1  -9.48485807E-02
           4           7           1  -1.10336151E-02
           4           7           1  -1.44294233E-07
           4           7           1 -0.402680993    
           4           7           1 -0.137303129    
           4           7           1 -0.177167684    
           4           7           1  -1.35530171E-03
           4           7           2 -0.176399738    
           4           7           2 -0.177416071    
           4           7           2  -2.06385851E-02
           4           7           2  -2.69905115E-07
           4           7           2 -0.534030795    
           4           7           2 -0.248625442    
           4           7           2 -0.198723286    
           4           7           2  -1.98074207E-02
           4           7           3 -0.134273410    
           4           7           3 -0.135047033    
           4           7           3  -1.57098491E-02
           4           7           3  -2.05448600E-07
           4           7           3 -0.752031505    
           4           7           3 -0.172203422    
           4           7           3 -0.407810211    
           4           7           3   2.07888731E-03
           5           5           1 -0.686071157    
           5           5           1 -0.701324642    
           5           5           1 -0.131833091    
           5           5           1  -1.67471717E-05
           5           5           1  -1.17532694    
           5           5           1 -0.995637655    
           5           5           1 -0.139628753    
           5           5           1 -0.146876425    
           5           5           2 -0.102610052    
           5           5           2 -0.105450325    
           5           5           2  -1.43219260E-02
           5           5           2   4.16296302E-07
           5           5           2 -0.144950569    
           5           5           2 -0.146045908    
           5           5           2  -4.46026213E-03
           5           5           2  -3.14053819E-02
           5           5           3  0.717131257    
           5           5           3  0.713541567    
           5           5           3  0.109780386    
           5           5           3   7.97571374E-06
           5           5           3   1.20409727    
           5           5           3   1.02872968    
           5           5           3  0.141029239    
           5           5           3  0.166146159    
           5           1           1  0.232028037    
           5           1           1  0.275239706    
           5           1           1   5.79595864E-02
           5           1           1   6.75019146E-06
           5           1           1  0.600986481    
           5           1           1  0.369457871    
           5           1           1  0.205060482    
           5           1           1   5.77278957E-02
           5           1           2  -1.15938568E-02
           5           1           2  -1.37530342E-02
           5           1           2  -2.89609446E-03
           5           1           2  -3.37290061E-07
           5           1           2  -5.49320653E-02
           5           1           2  -4.22634333E-02
           5           1           2   1.15603423E-02
           5           1           2   6.07855618E-03
           5           1           3   3.63234878E-02
           5           1           3   4.30881828E-02
           5           1           3   9.07344837E-03
           5           1           3   1.05672791E-06
           5           1           3  0.622736812    
           5           1           3   2.27418430E-02
           5           1           3  0.459915817    
           5           1           3  -2.26790328E-02
           5           2           1  0.178383857    
           5           2           1   9.53754634E-02
           5           2           1   1.16571947E-03
           5           2           1   3.88275089E-12
           5           2           1  0.785751104    
           5           2           1  0.158657029    
           5           2           1  0.467511356    
           5           2           1   1.19671877E-03
           5           2           2   9.36796609E-03
           5           2           2   5.00871614E-03
           5           2           2   6.12186632E-05
           5           2           2   2.03905672E-13
           5           2           2   3.30487750E-02
           5           2           2   3.22921481E-03
           5           2           2   2.56562047E-02
           5           2           2   9.50838265E-04
           5           2           3 -0.147406995    
           5           2           3  -7.88132474E-02
           5           2           3  -9.63289000E-04
           5           2           3  -3.20850031E-12
           5           2           3 -0.618085265    
           5           2           3 -0.123722658    
           5           2           3 -0.373765260    
           5           2           3  -2.43344624E-03
           5           3           1  -5.53579107E-02
           5           3           1  -6.08491562E-02
           5           3           1  -9.74001829E-03
           5           3           1  -4.12788296E-07
           5           3           1 -0.563216805    
           5           3           1  -8.62962976E-02
           5           3           1 -0.382793099    
           5           3           1   1.15112402E-02
           5           3           2  0.141453728    
           5           3           2  0.155485287    
           5           3           2   2.48882584E-02
           5           3           2   1.05478045E-06
           5           3           2  0.464583814    
           5           3           2  0.232658565    
           5           3           2  0.219888091    
           5           3           2   3.72552313E-02
           5           3           3 -0.183741286    
           5           3           3 -0.201967567    
           5           3           3  -3.23285945E-02
           5           3           3  -1.37010682E-06
           5           3           3 -0.295880079    
           5           3           3 -0.303385526    
           5           3           3  -4.25022840E-02
           5           3           3  -7.16359988E-02
           5           4           1  0.143976897    
           5           4           1  0.171856508    
           5           4           1   3.70095819E-02
           5           4           1   4.68159305E-06
           5           4           1  0.369333923    
           5           4           1  0.203808814    
           5           4           1  0.121967033    
           5           4           1   1.93815473E-02
           5           4           2  0.155980706    
           5           4           2  0.186184719    
           5           4           2   4.00951840E-02
           5           4           2   5.07191180E-06
           5           4           2  0.867856205    
           5           4           2  0.175116569    
           5           4           2  0.488625705    
           5           4           2  -7.53154373E-03
           5           4           3 -0.100414485    
           5           4           3 -0.119858690    
           5           4           3  -2.58117653E-02
           5           4           3  -3.26510531E-06
           5           4           3  -3.92621458E-02
           5           4           3 -0.181739092    
           5           4           3  0.134598479    
           5           4           3  -1.64699424E-02
           5           6           1  0.146594509    
           5           6           1  0.176466540    
           5           6           1   3.91775146E-02
           5           6           1   5.54476082E-06
           5           6           1  0.197426051    
           5           6           1  0.267184794    
           5           6           1  -5.19037843E-02
           5           6           1   3.61614041E-02
           5           6           2 -0.160182208    
           5           6           2 -0.192823052    
           5           6           2  -4.28088382E-02
           5           6           2  -6.05869900E-06
           5           6           2 -0.869212747    
           5           6           2 -0.211175144    
           5           6           2 -0.510964811    
           5           6           2  -6.15127152E-03
           5           6           3  -8.82430896E-02
           5           6           3 -0.106224664    
           5           6           3  -2.35830434E-02
           5           6           3  -3.33768844E-06
           5           6           3   1.47876889E-03
           5           6           3 -0.135258451    
           5           6           3   7.82207251E-02
           5           6           3  -4.03216854E-02
           5           7           1   4.04457450E-02
           5           7           1   4.32356261E-02
           5           7           1   6.26070518E-03
           5           7           1   1.83411018E-07
           5           7           1 -0.214953929    
           5           7           1   8.28254223E-02
           5           7           1 -0.220213249    
           5           7           1   2.08976232E-02
           5           7           2  -3.24162804E-02
           5           7           2  -3.46523002E-02
           5           7           2  -5.01780305E-03
           5           7           2  -1.46999454E-07
           5           7           2 -0.296393365    
           5           7           2  -1.15198493E-02
           5           7           2 -0.230305344    
           5           7           2   8.03565839E-04
           5           7           3 -0.233648896    
           5           7           3 -0.249765620    
           5           7           3  -3.61671411E-02
           5           7           3  -1.05953745E-06
           5           7           3 -0.875085354    
           5           7           3 -0.307365745    
           5           7           3 -0.397496760    
           5           7           3  -1.26060443E-02
           6           6           1  0.162083879    
           6           6           1   9.45359468E-02
           6           6           1   5.03398106E-03
           6           6           1  -2.64680002E-05
           6           6           1  0.344628870    
           6           6           1  0.155961543    
           6           6           1  0.148638159    
           6           6           1   1.55369733E-02
           6           6           2  -1.01832378    
           6           6           2 -0.971703827    
           6           6           2 -0.203979865    
           6           6           2  -8.76042177E-05
           6           6           2  -1.69701183    
           6           6           2  -1.36458969    
           6           6           2 -0.291164070    
           6           6           2 -0.189786240    
           6           6           3  0.127588034    
           6           6           3   7.92377144E-02
           6           6           3  -9.74444300E-03
           6           6           3  -4.40705226E-05
           6           6           3  0.275260001    
           6           6           3  0.131679922    
           6           6           3  0.109580591    
           6           6           3   1.72849111E-02
           6           1           1   9.20173228E-02
           6           1           1  0.126858860    
           6           1           1   4.59402688E-02
           6           1           1   3.95283532E-05
           6           1           1  0.524192154    
           6           1           1  0.110682905    
           6           1           1  0.303736150    
           6           1           1  -3.64851905E-03
           6           1           2  0.157274127    
           6           1           2  0.216824561    
           6           1           2   7.85201713E-02
           6           1           2   6.75610499E-05
           6           1           2  -2.08300650E-02
           6           1           2  0.288841099    
           6           1           2 -0.191875204    
           6           1           2   6.46045133E-02
           6           1           3  0.132154807    
           6           1           3  0.182194039    
           6           1           3   6.59791827E-02
           6           1           3   5.67704192E-05
           6           1           3  0.687565088    
           6           1           3  0.174442232    
           6           1           3  0.362207055    
           6           1           3  -6.67935610E-03
           6           2           1  0.109489195    
           6           2           1  0.125650421    
           6           2           1   2.34860964E-02
           6           2           1   1.76264541E-06
           6           2           1  0.665703177    
           6           2           1  0.110562280    
           6           2           1  0.425571144    
           6           2           1  -4.24652500E-03
           6           2           2  0.170230165    
           6           2           2  0.195357099    
           6           2           2   3.65154035E-02
           6           2           2   2.74050262E-06
           6           2           2  0.188023418    
           6           2           2  0.263946474    
           6           2           2  -6.93496317E-02
           6           2           2   3.03226337E-02
           6           2           3 -0.122704670    
           6           2           3 -0.140816569    
           6           2           3  -2.63208970E-02
           6           2           3  -1.97539885E-06
           6           2           3 -0.560127318    
           6           2           3 -0.146774530    
           6           2           3 -0.277482569    
           6           2           3   2.70155445E-03
           6           3           1 -0.109304570    
           6           3           1  -3.57145593E-02
           6           3           1  -7.70925180E-05
           6           3           1  -4.57727976E-16
           6           3           1 -0.448625028    
           6           3           1  -7.47485757E-02
           6           3           1 -0.301874340    
           6           3           1  -1.02915836E-03
           6           3           2  0.164510176    
           6           3           2   5.37526347E-02
           6           3           2   1.16029034E-04
           6           3           2   6.88909101E-16
           6           3           2  0.532814145    
           6           3           2  0.105593875    
           6           3           2  0.351136893    
           6           3           2   3.92951583E-03
           6           3           3  -5.50465919E-02
           6           3           3  -1.79861169E-02
           6           3           3  -3.88243643E-05
           6           3           3  -2.30515199E-16
           6           3           3 -0.211322561    
           6           3           3  -3.95769030E-02
           6           3           3 -0.134339958    
           6           3           3  -5.06339129E-04
           6           4           1  -1.57260115E-03
           6           4           1  -9.97878495E-04
           6           4           1  -2.23937441E-05
           6           4           1  -6.91574998E-13
           6           4           1   5.50861433E-02
           6           4           1  -4.66633402E-03
           6           4           1   4.93436530E-02
           6           4           1  -5.54386643E-04
           6           4           2  0.237526760    
           6           4           2  0.150720239    
           6           4           2   3.38236662E-03
           6           4           2   1.04455958E-10
           6           4           2   1.01201999    
           6           4           2  0.194665104    
           6           4           2  0.602023244    
           6           4           2   9.90714645E-04
           6           4           3  -9.40015726E-03
           6           4           3  -5.96477650E-03
           6           4           3  -1.33857669E-04
           6           4           3  -4.13386035E-12
           6           4           3  -4.28801775E-03
           6           4           3  -9.26201046E-03
           6           4           3   1.05326623E-02
           6           4           3  -3.44251574E-04
           6           5           1 -0.146594509    
           6           5           1 -0.176466540    
           6           5           1  -3.91775146E-02
           6           5           1  -5.54476082E-06
           6           5           1 -0.695270240    
           6           5           1 -0.163758233    
           6           5           1 -0.377627254    
           6           5           1   1.05023454E-03
           6           5           2  0.160182208    
           6           5           2  0.192823052    
           6           5           2   4.28088382E-02
           6           5           2   6.05869900E-06
           6           5           2  0.101212800    
           6           5           2  0.266412735    
           6           5           2 -0.138102457    
           6           5           2   3.15113999E-02
           6           5           3   8.82430896E-02
           6           5           3  0.106224664    
           6           5           3   2.35830434E-02
           6           5           3   3.33768844E-06
           6           5           3  0.548878551    
           6           5           3   9.30122435E-02
           6           5           3  0.339066923    
           6           5           3  -6.60853507E-03
           6           7           1 -0.106118724    
           6           7           1 -0.133866265    
           6           7           1  -3.51833440E-02
           6           7           1  -9.27823748E-06
           6           7           1 -0.445715159    
           6           7           1 -0.134033620    
           6           7           1 -0.247787446    
           6           7           1  -7.10861990E-03
           6           7           2  0.128600314    
           6           7           2  0.162226275    
           6           7           2   4.26370502E-02
           6           7           2   1.12438620E-05
           6           7           2 -0.116228238    
           6           7           2  0.245130360    
           6           7           2 -0.262668669    
           6           7           2   5.84274754E-02
           6           7           3 -0.160834506    
           6           7           3 -0.202888951    
           6           7           3  -5.33242002E-02
           6           7           3  -1.40621814E-05
           6           7           3 -0.735965729    
           6           7           3 -0.203520998    
           6           7           3 -0.409564793    
           6           7           3  -5.84798818E-03
           7           7           1 -0.404626906    
           7           7           1 -0.392750084    
           7           7           1  -7.22531155E-02
           7           7           1  -6.00768544E-07
           7           7           1 -0.715425253    
           7           7           1 -0.616976321    
           7           7           1 -0.110590048    
           7           7           1  -9.83325914E-02
           7           7           2 -0.335513294    
           7           7           2 -0.381844699    
           7           7           2  -9.25479829E-02
           7           7           2  -6.48814603E-05
           7           7           2 -0.428518683    
           7           7           2 -0.582856059    
           7           7           2   2.59655975E-02
           7           7           2 -0.159608364    
           7           7           3 -0.809306741    
           7           7           3 -0.805101633    
           7           7           3 -0.146117747    
           7           7           3  -4.07099506E-05
           7           7           3  -1.31232965    
           7           7           3  -1.27045441    
           7           7           3 -0.117447615    
           7           7           3 -0.261992067    
           7           1           1  0.127947316    
           7           1           1   6.43898025E-02
           7           1           1   6.35221077E-04
           7           1           1   9.65749616E-13
           7           1           1  0.545225322    
           7           1           1  0.121181495    
           7           1           1  0.330378771    
           7           1           1   3.73811461E-03
           7           1           2   1.50452945E-02
           7           1           2   7.57158222E-03
           7           1           2   7.46954975E-05
           7           1           2   1.13562270E-13
           7           1           2   2.46786326E-03
           7           1           2   2.81471200E-03
           7           1           2   1.40937790E-02
           7           1           2   3.31853703E-03
           7           1           3  0.189293638    
           7           1           3   9.52624977E-02
           7           1           3   9.39787657E-04
           7           1           3   1.42879317E-12
           7           1           3  0.773487329    
           7           1           3  0.166706443    
           7           1           3  0.474079698    
           7           1           3   8.04981403E-03
           7           2           1  0.222313374    
           7           2           1  0.287097782    
           7           2           1   8.21165442E-02
           7           2           1   2.95842237E-05
           7           2           1  0.767379165    
           7           2           1  0.399735630    
           7           2           1  0.308775455    
           7           2           1   4.06112298E-02
           7           2           2   4.91281524E-02
           7           2           2   6.34445995E-02
           7           2           2   1.81466099E-02
           7           2           2   6.53770076E-06
           7           2           2   3.93540263E-02
           7           2           2   7.32782111E-02
           7           2           2  -4.51402366E-03
           7           2           2   4.48110178E-02
           7           2           3   3.34042646E-02
           7           2           3   4.31386083E-02
           7           2           3   1.23386309E-02
           7           2           3   4.44525358E-06
           7           2           3 -0.463495314    
           7           2           3  0.125708640    
           7           2           3 -0.420627266    
           7           2           3   4.51146103E-02
           7           3           1 -0.105611987    
           7           3           1 -0.144216686    
           7           3           1  -5.04549034E-02
           7           3           1  -3.82225771E-05
           7           3           1 -0.592896223    
           7           3           1 -0.222300231    
           7           3           1 -0.301276773    
           7           3           1  -7.03458115E-03
           7           3           2  0.191124141    
           7           3           2  0.260986388    
           7           3           2   9.13073421E-02
           7           3           2   6.91707246E-05
           7           3           2  0.410756737    
           7           3           2  0.414350271    
           7           3           2  0.107617982    
           7           3           2  0.111949086    
           7           3           3   5.78520298E-02
           7           3           3   7.89988711E-02
           7           3           3   2.76381355E-02
           7           3           3   2.09375248E-05
           7           3           3 -0.311850280    
           7           3           3  0.138586923    
           7           3           3 -0.272214860    
           7           3           3   8.43935907E-02
           7           4           1   9.43052396E-02
           7           4           1   9.48485807E-02
           7           4           1   1.10336151E-02
           7           4           1   1.44294233E-07
           7           4           1  0.352771223    
           7           4           1  0.114214614    
           7           4           1  0.165266082    
           7           4           1   6.97369780E-03
           7           4           2  0.176399738    
           7           4           2  0.177416071    
           7           4           2   2.06385851E-02
           7           4           2   2.69905115E-07
           7           4           2  0.878809810    
           7           4           2  0.213228628    
           7           4           2  0.471264184    
           7           4           2  -7.63000455E-04
           7           4           3  0.134273410    
           7           4           3  0.135047033    
           7           4           3   1.57098491E-02
           7           4           3   2.05448600E-07
           7           4           3  0.321551710    
           7           4           3  0.189303473    
           7           4           3   7.58633092E-02
           7           4           3   1.32500725E-02
           7           5           1  -4.04457450E-02
           7           5           1  -4.32356261E-02
           7           5           1  -6.26070518E-03
           7           5           1  -1.83411018E-07
           7           5           1 -0.505807579    
           7           5           1  -2.47815736E-02
           7           5           1 -0.371902138    
           7           5           1   1.43542541E-02
           7           5           2   3.24162804E-02
           7           5           2   3.46523002E-02
           7           5           2   5.01780305E-03
           7           5           2   1.46999454E-07
           7           5           2  -6.24852628E-02
           7           5           2   7.13220835E-02
           7           5           2  -9.49125588E-02
           7           5           2   1.01266652E-02
           7           5           3  0.233648896    
           7           5           3  0.249765620    
           7           5           3   3.61671411E-02
           7           5           3   1.05953745E-06
           7           5           3  0.806919217    
           7           5           3  0.344031274    
           7           5           3  0.312019646    
           7           5           3   2.01353747E-02
           7           6           1  0.106118724    
           7           6           1  0.133866265    
           7           6           1   3.51833440E-02
           7           6           1   9.27823748E-06
           7           6           1  0.148753434    
           7           6           1  0.228926420    
           7           6           1  -2.06513405E-02
           7           6           1   3.96898575E-02
           7           6           2 -0.128600314    
           7           6           2 -0.162226275    
           7           6           2  -4.26370502E-02
           7           6           2  -1.12438620E-05
           7           6           2 -0.840384483    
           7           6           2 -0.192137748    
           7           6           2 -0.519514918    
           7           6           2  -9.83395986E-03
           7           6           3  0.160834506    
           7           6           3  0.202888951    
           7           6           3   5.33242002E-02
           7           6           3   1.40621814E-05
           7           6           3  0.185717121    
           7           6           3  0.306117594    
           7           6           3  -5.16729876E-02
           7           6           3   9.10485834E-02
